768 0 16 16
784 0 16 16
768 16 4 16
768 20 8 16
768 28 4 8
776 28 4 8
784 16 4 16
784 20 8 16
784 28 4 8
792 28 4 8
800 0 32 16
816 0 32 16
768 32 8 4
772 32 8 8
780 32 8 4
784 32 8 8
792 32 8 8
768 40 4 16
768 44 8 16
768 52 4 16
784 40 16 4
788 40 16 8
796 40 16 4
768 56 8 16
784 56 8 16
800 32 8 16
800 40 8 16
816 32 4 4
816 36 8 4
816 44 4 4
820 32 16 4
824 32 16 8
800 48 16 4
804 48 8 4
804 56 8 4
808 48 16 8
816 48 16 8
824 48 16 8
832 0 32 32
864 0 32 32
832 32 16 32
832 48 4 32
832 52 8 32
832 60 4 16
848 60 4 16
864 32 32 32
768 64 16 16
784 64 16 16
768 80 8 8
768 88 8 4
772 88 8 4
776 80 16 8
784 80 16 16
800 64 8 8
808 64 8 8
800 72 8 16
816 64 8 8
824 64 8 8
816 72 8 4
820 72 8 8
828 72 8 4
800 80 16 16
816 80 8 4
820 80 8 8
828 80 8 4
816 88 8 16
768 96 8 16
768 104 8 16
784 96 8 4
784 104 8 4
788 96 8 4
788 104 8 4
792 96 16 8
768 112 16 4
772 112 16 8
780 112 16 4
784 112 16 4
788 112 16 8
796 112 16 4
800 96 16 16
816 96 4 8
816 100 4 8
824 96 8 8
816 104 4 8
816 108 4 8
824 104 8 4
828 104 8 4
800 112 8 16
800 120 8 8
808 120 8 8
816 112 16 8
824 112 16 8
832 64 8 8
840 64 8 4
844 64 8 4
832 72 8 4
836 72 8 8
844 72 8 4
848 64 16 16
832 80 8 4
836 80 8 4
832 88 8 8
840 80 16 4
844 80 16 4
848 80 16 4
852 80 16 4
856 80 16 8
864 64 32 32
832 96 16 8
840 96 16 8
832 112 16 16
848 96 32 4
852 96 32 4
856 96 32 8
864 96 32 32
