896 640 32 32
928 640 32 32
896 672 16 32
896 688 16 32
928 672 32 32
960 640 32 32
992 640 8 16
992 648 8 8
1000 648 4 8
1000 652 4 8
1008 640 16 16
992 656 16 16
1008 656 8 4
1012 656 8 4
1008 664 8 4
1012 664 8 4
1016 656 16 8
960 672 32 32
992 672 16 16
1008 672 8 4
1008 680 8 4
1012 672 4 8
1012 676 4 8
1012 680 8 8
1020 672 16 4
992 688 16 16
1008 688 4 16
1008 692 8 8
1016 692 4 8
1016 696 4 8
1008 700 4 16
896 704 16 8
904 704 16 16
920 704 16 8
928 704 16 32
960 704 16 32
992 704 8 16
1008 704 8 16
992 712 8 32
