512 128 32 16
528 128 32 4
532 128 32 8
540 128 32 4
544 128 32 16
560 128 32 16
512 160 32 8
520 160 16 16
520 176 16 4
524 176 16 8
532 176 16 4
536 160 32 8
544 160 16 8
544 176 16 8
552 160 8 8
552 168 16 8
552 184 8 8
560 160 16 16
560 176 8 16
560 184 8 16
576 128 16 16
592 128 16 8
600 128 16 8
576 144 16 32
608 128 16 32
608 144 8 16
608 152 8 16
624 144 16 16
576 160 16 32
576 176 16 8
584 176 16 16
600 176 8 8
600 184 8 8
608 160 16 8
608 176 16 8
616 160 8 16
616 168 16 16
616 184 8 16
632 160 16 8
632 176 16 8
512 192 16 4
516 192 16 4
512 208 8 8
512 216 8 8
520 192 16 8
528 192 16 8
520 208 16 4
524 208 16 8
532 208 16 4
536 192 8 8
536 200 8 8
536 208 16 8
544 192 4 16
544 196 8 8
552 196 8 8
544 204 4 16
560 192 4 16
560 196 8 16
560 204 4 4
564 204 4 8
572 204 4 4
544 208 16 16
560 208 8 8
568 208 8 8
560 216 4 16
560 220 4 16
512 224 8 4
512 232 16 4
512 248 8 4
516 224 32 8
524 224 32 4
528 224 32 8
536 224 8 8
536 232 16 8
536 248 8 8
544 224 32 32
576 192 8 8
584 192 8 16
600 192 8 8
576 200 8 8
584 200 8 16
600 200 8 8
576 208 8 32
576 216 8 16
592 216 8 16
608 192 8 16
624 192 8 16
608 200 16 8
616 200 16 4
620 200 16 8
628 200 16 4
632 200 16 8
608 216 8 16
624 216 8 8
632 216 8 8
576 224 8 16
576 232 16 16
576 248 8 16
592 224 8 8
592 232 16 8
592 248 8 8
600 224 8 8
600 232 16 8
600 248 8 8
608 224 16 8
616 224 16 4
620 224 16 8
628 224 16 4
632 224 16 8
608 240 16 16
624 240 16 16
