512 512 4 16
512 516 8 8
520 516 8 8
512 524 4 16
528 512 16 4
532 512 16 8
540 512 16 4
512 528 8 8
512 536 8 8
520 528 16 8
528 528 16 4
532 528 16 4
536 528 16 8
544 512 32 32
512 544 32 16
528 544 16 4
528 560 16 4
532 544 16 8
532 560 16 8
540 544 32 4
544 544 16 32
544 560 16 16
560 560 16 16
576 512 16 8
584 512 16 4
588 512 16 4
592 512 8 4
596 512 8 4
592 520 8 8
600 512 8 4
600 520 8 4
604 512 16 4
576 528 16 8
584 528 16 8
592 528 8 4
592 536 8 4
596 528 16 4
600 528 4 8
600 532 8 4
604 532 8 4
600 540 4 8
608 512 8 8
616 512 8 4
620 512 8 4
608 520 4 8
616 520 4 8
608 524 4 16
624 512 8 4
628 512 8 8
636 512 4 4
636 516 4 4
624 520 8 4
628 520 8 4
632 520 8 8
608 528 8 4
608 536 8 4
612 528 8 4
612 536 8 4
616 528 4 4
620 528 4 4
616 532 8 8
616 540 4 8
624 528 8 16
624 536 8 16
576 544 8 8
584 544 8 8
592 544 8 4
596 544 8 8
604 544 8 4
576 552 16 4
580 552 16 4
584 552 16 4
588 552 16 8
596 552 16 4
600 552 16 4
604 552 16 4
576 568 8 16
592 568 4 16
592 572 4 16
608 544 4 4
612 544 4 4
608 548 4 8
616 544 8 8
608 552 8 8
616 552 4 4
620 552 4 4
616 556 4 8
624 544 8 16
624 552 8 8
632 552 8 4
636 552 8 4
608 560 8 16
608 568 4 16
608 572 4 8
616 572 4 8
624 560 4 16
624 564 8 4
628 564 4 8
628 568 4 8
636 564 8 4
624 572 4 16
512 576 16 4
516 576 16 8
524 576 16 4
512 592 16 16
528 576 32 4
532 576 32 4
536 576 32 4
540 576 32 4
544 576 32 8
552 576 32 16
568 576 32 8
512 608 16 8
512 624 8 8
512 632 8 8
520 608 32 16
536 608 32 4
540 608 16 4
540 624 16 4
544 608 32 16
560 608 32 16
576 576 16 8
584 576 16 4
588 576 16 4
592 576 4 8
592 580 4 8
600 576 8 8
592 584 8 8
600 584 4 4
604 584 4 4
600 588 4 8
576 592 16 8
584 592 16 8
592 592 4 16
592 596 8 16
592 604 4 16
608 576 16 4
612 576 16 4
616 576 16 8
624 576 4 8
624 580 4 8
632 576 8 8
624 584 8 8
632 584 8 8
608 592 16 8
616 592 8 4
616 600 8 4
620 592 16 4
624 592 8 4
624 600 8 4
628 592 8 8
628 600 8 8
636 592 4 4
636 596 8 4
636 604 4 4
576 608 8 4
580 608 8 4
584 608 8 8
576 616 8 8
584 616 8 4
588 616 8 4
592 608 8 16
592 616 8 16
576 624 16 8
584 624 16 8
592 624 8 8
592 632 8 8
600 624 8 4
600 632 8 4
604 624 16 4
608 608 8 4
608 616 8 4
612 608 16 4
616 608 8 4
620 608 8 4
616 616 8 8
624 608 16 4
628 608 8 4
628 616 8 4
632 608 16 4
636 608 16 4
608 624 4 4
612 624 4 8
620 624 4 4
608 628 8 16
608 636 4 4
612 636 4 8
620 636 4 4
624 624 16 4
628 624 4 4
632 624 4 4
628 628 8 8
628 636 4 8
636 624 16 4
