768 256 32 8
776 256 32 4
780 256 32 4
784 256 16 8
792 256 16 8
784 272 16 16
800 256 16 8
808 256 16 8
816 256 16 16
800 272 8 4
804 272 8 4
808 272 8 8
800 280 8 8
808 280 8 8
816 272 8 4
816 280 8 4
820 272 4 4
820 276 8 4
820 284 4 4
824 272 16 8
768 288 32 4
772 288 32 4
776 288 32 8
784 288 8 4
784 296 16 4
784 312 8 4
788 288 8 8
788 296 16 8
788 312 8 8
796 288 32 4
800 288 4 16
800 292 4 16
800 296 8 8
808 296 8 8
816 288 4 8
816 292 4 4
820 292 4 4
824 288 8 8
816 296 8 4
820 296 8 4
824 296 8 8
800 304 4 4
800 308 4 4
800 312 8 4
804 304 8 8
804 312 8 8
812 304 16 4
816 304 8 8
824 304 8 8
816 312 8 4
820 312 4 4
820 316 4 4
824 312 8 4
828 312 4 4
828 316 4 4
832 256 32 16
848 256 32 8
856 256 32 8
864 256 16 4
868 256 16 8
876 256 16 4
880 256 16 4
884 256 16 8
892 256 16 4
864 272 16 8
872 272 16 4
876 272 16 8
884 272 16 4
888 272 16 4
892 272 16 4
832 288 16 8
832 304 16 8
840 288 32 16
856 288 8 8
856 296 8 8
856 304 16 8
864 288 8 8
872 288 8 16
888 288 8 8
864 296 8 32
864 304 8 32
864 312 8 32
768 320 32 4
772 320 32 4
776 320 32 8
784 320 32 8
792 320 32 4
796 320 32 4
800 320 8 8
808 320 8 8
800 328 8 8
808 328 4 8
808 332 4 8
816 320 8 4
820 320 8 4
824 320 8 4
828 320 8 4
816 328 4 4
816 332 4 4
820 328 4 4
820 332 4 4
824 328 4 4
828 328 4 4
824 332 4 8
800 336 16 8
808 336 16 4
812 336 16 4
816 336 16 4
820 336 8 8
820 344 8 8
828 336 4 4
828 340 4 4
828 344 8 4
768 352 8 4
768 360 8 4
772 352 16 8
780 352 16 4
784 352 16 8
792 352 8 8
792 360 8 8
768 368 4 8
768 372 4 8
776 368 8 8
768 376 8 8
776 376 4 4
780 376 4 4
776 380 4 8
784 368 16 8
792 368 8 8
792 376 8 8
800 352 16 8
808 352 16 8
816 352 16 4
820 352 8 8
820 360 8 8
828 352 8 4
828 360 4 4
828 364 4 4
800 368 8 16
800 376 8 16
816 368 16 16
832 320 4 8
832 324 4 8
840 320 8 4
844 320 8 4
832 328 8 4
836 328 8 8
844 328 4 4
844 332 4 4
848 320 16 16
832 336 8 4
836 336 4 8
836 340 4 8
844 336 4 4
844 340 4 4
832 344 8 4
836 344 8 4
840 344 4 8
840 348 4 8
848 336 4 8
848 340 8 4
852 340 8 4
848 348 4 8
856 336 16 8
864 320 32 32
832 352 16 4
836 352 16 4
840 352 16 8
848 352 4 16
848 356 4 16
848 360 8 8
856 360 8 4
860 360 8 4
832 368 16 4
836 368 4 8
836 372 8 8
836 380 4 8
844 368 4 4
844 372 4 4
844 376 4 4
844 380 4 4
848 368 4 8
848 372 8 4
852 372 8 4
848 380 4 8
856 368 16 4
860 368 4 4
860 372 8 4
860 380 4 4
864 352 8 8
864 360 8 8
872 352 16 4
876 352 16 4
880 352 4 16
880 356 8 16
880 364 4 16
864 368 4 8
864 372 8 4
868 372 8 4
864 380 4 4
868 380 4 4
872 368 16 8
880 368 16 16
