1024 256 16 4
1028 256 16 8
1036 256 16 4
1040 256 16 4
1044 256 16 4
1048 256 16 8
1024 272 4 4
1028 272 4 8
1036 272 4 4
1024 276 4 8
1024 280 4 8
1032 276 4 8
1032 280 4 8
1024 284 4 16
1040 272 16 8
1048 272 16 4
1052 272 16 4
1056 256 8 32
1056 264 16 32
1056 280 4 8
1056 284 4 8
1064 280 4 16
1064 284 4 16
1080 280 8 8
1024 288 4 16
1024 292 4 16
1024 296 4 4
1028 296 4 8
1036 296 4 4
1024 300 4 16
1040 288 4 8
1040 292 4 8
1040 296 8 4
1044 296 8 4
1048 288 4 8
1048 292 4 8
1048 296 8 8
1024 304 16 16
1040 304 8 4
1044 304 8 4
1040 312 4 8
1040 316 4 8
1048 304 8 8
1048 312 4 8
1048 316 4 8
1056 288 16 16
1072 288 16 8
1080 288 16 4
1084 288 8 4
1084 296 8 4
1056 304 16 8
1064 304 8 8
1064 312 8 8
1072 304 4 8
1072 308 4 8
1080 304 4 8
1080 308 4 8
1072 312 8 8
1080 312 4 4
1084 312 4 4
1080 316 4 4
1084 316 4 4
1088 256 16 16
1104 256 8 8
1112 256 8 4
1116 256 8 4
1104 264 8 8
1112 264 8 8
1088 272 8 16
1088 280 8 8
1096 280 8 8
1104 272 8 8
1112 272 8 8
1104 280 8 8
1112 280 8 8
1120 256 8 8
1120 264 16 8
1120 280 8 8
1128 256 32 4
1132 256 32 4
1136 256 32 4
1140 256 32 4
1144 256 32 8
1088 288 16 4
1092 288 16 8
1100 288 16 4
1104 288 16 8
1112 288 16 8
1088 304 4 16
1088 308 4 16
1088 312 8 8
1096 312 8 8
1104 304 8 4
1108 304 8 4
1112 304 8 8
1104 312 8 8
1112 312 8 8
1120 288 8 8
1120 296 16 8
1120 312 8 8
1128 288 16 8
1128 304 16 8
1136 288 32 4
1140 288 32 4
1144 288 32 8
1024 320 32 16
1040 320 32 8
1048 320 8 8
1048 328 16 8
1048 344 8 8
1056 320 8 4
1060 320 8 8
1068 320 8 4
1056 328 8 16
1072 320 4 8
1072 324 8 8
1072 332 4 8
1080 320 8 4
1084 320 8 4
1080 328 8 8
1056 336 8 8
1056 344 8 8
1064 336 16 4
1068 336 16 4
1072 336 4 8
1072 340 8 4
1076 340 8 4
1072 348 4 8
1080 336 4 8
1080 340 8 8
1080 348 4 8
1024 352 16 16
1040 352 16 8
1048 352 8 8
1048 360 8 8
1024 368 4 16
1024 372 8 16
1024 380 4 16
1040 368 8 8
1040 376 4 8
1040 380 4 8
1048 368 16 8
1056 352 16 4
1060 352 16 4
1064 352 16 4
1068 352 8 4
1068 360 8 4
1072 352 16 4
1076 352 16 4
1080 352 16 8
1056 368 8 8
1064 368 4 4
1068 368 4 4
1064 372 4 4
1068 372 4 4
1056 376 8 8
1064 376 8 4
1068 376 8 4
1072 368 16 8
1080 368 16 8
1088 320 16 16
1104 320 8 4
1108 320 8 4
1104 328 8 8
1112 320 4 8
1112 324 8 4
1116 324 8 4
1112 332 4 4
1116 332 4 4
1088 336 8 8
1096 336 8 8
1088 344 8 8
1096 344 8 4
1100 344 8 4
1104 336 16 8
1112 336 16 8
1120 320 8 4
1120 328 16 4
1120 344 8 4
1124 320 16 4
1124 336 16 4
1128 320 32 4
1132 320 32 8
1140 320 32 4
1144 320 32 8
1088 352 16 4
1092 352 8 4
1096 352 8 4
1092 360 4 8
1092 364 4 8
1100 352 4 4
1100 356 4 4
1100 360 4 4
1100 364 4 4
1104 352 16 16
1088 368 16 8
1096 368 16 8
1104 368 16 16
1120 352 32 8
1128 352 32 4
1132 352 32 4
1136 352 32 4
1140 352 32 4
1144 352 32 8
