768 640 8 4
768 648 8 4
772 640 16 8
780 640 16 4
784 640 16 16
768 656 16 8
776 656 16 8
784 656 16 16
800 640 32 32
768 672 16 32
768 688 16 32
800 672 32 32
832 640 16 16
848 640 16 16
832 656 8 8
840 656 8 8
832 664 8 16
848 656 16 16
864 640 32 16
880 640 32 16
832 672 16 16
832 688 16 4
836 688 16 8
844 688 16 4
848 672 32 16
864 672 32 8
872 672 32 4
876 672 8 8
876 680 16 8
876 696 8 8
884 672 32 4
888 672 32 8
768 704 16 32
800 704 16 32
832 704 16 16
848 704 16 16
864 704 16 16
880 704 4 4
884 704 4 4
888 704 4 8
880 708 8 4
884 708 8 4
888 708 4 8
888 712 4 8
880 716 4 4
884 716 4 4
888 716 4 8
