896 256 8 4
900 256 8 4
896 264 16 4
900 264 16 4
896 280 4 8
896 284 4 8
904 256 16 16
904 272 4 16
904 276 8 16
904 284 4 16
920 256 8 4
924 256 8 4
920 264 16 4
924 264 16 4
920 280 8 8
928 256 8 4
932 256 8 8
940 256 8 4
944 256 8 16
928 264 16 16
944 264 4 16
944 268 8 16
944 276 4 16
928 280 4 16
944 280 4 16
928 284 4 8
936 284 4 16
952 284 4 8
896 288 8 32
896 296 4 32
896 300 8 16
912 300 8 16
896 308 4 32
896 312 8 32
928 288 4 32
928 292 4 32
928 296 4 32
928 300 8 32
928 308 4 32
928 312 8 32
960 256 16 4
964 256 8 4
964 264 8 4
968 256 4 8
968 260 4 8
968 264 4 8
968 268 4 8
976 256 4 8
976 260 8 4
980 260 8 4
976 268 4 8
984 256 16 8
960 272 8 4
964 272 8 4
960 280 4 8
960 284 4 8
968 272 4 8
968 276 8 8
968 284 4 8
976 272 4 4
980 272 4 4
984 272 4 8
976 276 8 4
980 276 8 4
984 276 8 4
988 276 8 4
976 284 4 8
984 284 4 8
992 256 16 8
1000 256 8 4
1004 256 8 4
1000 264 8 8
1008 256 8 4
1008 264 8 4
1012 256 4 4
1012 260 8 4
1012 268 4 4
1016 256 16 8
992 272 4 4
992 276 8 4
992 284 4 4
996 272 4 4
996 276 8 4
996 284 4 4
1000 272 16 8
1008 272 4 16
1008 276 8 16
1008 284 4 16
960 288 4 16
976 288 4 16
960 292 8 32
960 300 4 32
960 304 16 32
992 288 32 8
1000 288 4 16
1000 292 8 16
1000 300 4 16
1000 304 16 16
1016 288 32 4
1020 288 32 4
896 320 32 32
928 320 8 32
928 328 16 32
928 344 8 16
944 344 4 16
944 348 4 16
896 352 4 16
896 356 8 16
896 364 4 16
912 352 8 8
920 352 8 4
924 352 8 4
912 360 8 8
920 360 4 4
920 364 4 4
924 360 8 4
896 368 4 16
896 372 8 8
904 372 8 8
896 380 4 16
912 368 4 8
920 368 4 8
912 372 4 4
916 372 4 8
924 372 4 4
912 376 4 8
912 380 4 8
920 376 8 4
924 376 8 4
928 352 16 8
936 352 16 4
940 352 8 4
940 360 8 4
944 352 8 16
944 360 8 8
952 360 8 8
928 368 8 16
928 376 8 16
944 368 4 8
952 368 4 8
944 372 4 8
952 372 4 8
944 376 8 16
960 320 8 32
960 328 16 32
960 344 8 4
964 344 8 8
972 344 8 4
976 344 8 16
992 320 32 32
960 352 4 4
960 356 4 4
964 352 8 4
968 352 4 8
968 356 4 8
960 360 8 4
964 360 8 4
968 360 8 4
972 360 8 4
976 352 16 16
960 368 4 4
960 372 8 4
960 380 4 4
964 368 8 4
964 376 8 4
968 368 8 4
972 368 8 4
968 376 8 8
976 368 8 16
976 376 8 16
992 352 16 16
1008 352 16 16
992 368 8 16
992 376 4 8
992 380 4 8
1000 376 4 8
1000 380 4 8
1008 368 8 8
1008 376 8 8
1016 368 8 4
1020 368 8 4
1016 376 4 8
1016 380 4 8
