512 0 32 16
528 0 16 16
528 16 16 16
544 0 16 8
544 16 16 8
552 0 16 16
552 16 16 8
560 16 16 8
568 0 8 8
568 8 16 8
568 24 4 8
568 28 4 8
512 32 16 16
528 32 8 16
528 40 8 16
512 48 16 8
520 48 8 8
520 56 8 8
528 48 4 16
528 52 4 16
528 56 8 16
544 32 8 4
548 32 8 8
556 32 8 4
544 40 4 16
544 44 8 16
544 52 4 16
544 56 8 4
548 56 8 8
556 56 8 4
560 32 4 16
560 36 8 16
560 44 4 16
560 48 8 16
560 56 8 16
576 0 16 4
580 0 16 4
584 0 16 4
588 0 16 4
592 0 16 16
576 16 8 4
580 16 8 4
584 16 8 4
588 16 8 4
576 24 8 16
592 16 8 16
592 24 8 16
608 0 16 16
624 0 16 16
608 16 8 16
608 24 8 16
624 16 8 16
624 24 8 16
576 32 8 32
576 40 16 32
576 56 8 32
608 32 8 16
608 40 8 16
624 32 8 8
632 32 8 4
636 32 8 4
624 40 8 8
632 40 8 8
608 48 4 16
608 52 4 16
608 56 8 16
624 48 4 16
624 52 8 8
632 52 8 8
624 60 4 16
512 64 8 8
520 64 8 8
512 72 16 4
516 72 16 8
524 72 16 4
512 88 8 16
528 64 8 8
528 72 16 8
528 88 8 8
536 64 16 8
536 80 16 8
544 64 8 4
548 64 8 8
556 64 8 4
544 72 16 8
552 72 16 8
544 88 8 16
560 64 8 16
560 72 8 16
560 80 16 8
568 80 16 8
512 96 16 4
516 96 4 4
516 100 8 4
516 108 4 4
520 96 4 8
520 100 8 8
520 108 4 8
528 96 8 16
528 104 8 16
512 112 4 16
512 116 8 4
516 116 8 8
524 116 8 4
512 124 4 16
528 112 16 16
544 96 16 8
544 112 16 8
552 96 8 16
552 104 16 16
552 120 8 16
568 96 16 8
568 112 4 8
568 116 8 8
568 124 4 8
576 64 8 8
576 72 16 8
576 88 8 8
584 64 16 8
584 80 16 8
592 64 16 4
592 80 16 4
596 64 32 8
604 64 32 4
608 64 8 16
608 72 8 16
624 64 16 4
628 64 4 4
628 68 8 4
628 76 4 4
632 64 16 8
608 80 16 8
616 80 16 8
624 80 16 8
632 80 16 8
576 96 16 32
576 112 16 16
592 112 16 16
608 96 32 8
616 96 8 8
616 104 16 8
616 120 8 8
624 96 16 16
624 112 16 16
