640 512 16 4
644 512 4 8
644 516 4 8
644 520 8 4
648 520 8 4
652 512 8 4
652 520 8 4
656 512 8 4
660 512 4 8
660 516 4 8
668 512 8 4
656 520 8 4
660 520 8 4
664 520 8 4
668 520 8 4
640 528 8 4
640 536 8 4
644 528 16 4
648 528 8 8
648 536 4 8
648 540 4 8
656 528 8 8
656 536 8 4
660 536 8 4
664 528 8 8
664 536 8 4
668 536 8 4
672 512 32 16
688 512 32 16
640 544 4 16
640 548 8 16
640 556 4 16
656 544 8 4
660 544 8 4
664 544 8 4
668 544 8 4
656 552 8 4
660 552 4 8
660 556 4 8
668 552 8 4
640 560 8 4
640 568 8 4
644 560 16 4
648 560 16 4
652 560 4 4
652 564 8 4
652 572 4 4
656 560 8 4
660 560 8 4
664 560 8 4
668 560 8 4
656 568 8 16
672 544 16 32
672 560 16 4
676 560 16 4
680 560 16 16
696 560 16 8
704 512 32 8
712 512 32 8
720 512 32 4
724 512 32 4
728 512 32 4
732 512 32 4
736 512 32 4
740 512 8 8
740 520 16 8
740 536 8 8
748 512 32 4
752 512 32 16
704 544 16 8
712 544 16 8
720 544 16 8
728 544 16 4
732 544 16 4
704 560 16 16
720 560 16 8
728 560 16 4
732 560 16 4
736 544 16 4
740 544 16 4
744 544 16 16
760 544 16 8
736 560 16 16
752 560 16 8
760 560 16 8
640 576 8 4
644 576 4 4
644 580 4 4
648 576 8 4
652 576 8 4
640 584 8 8
648 584 8 8
656 576 16 4
660 576 16 4
664 576 16 8
640 592 4 4
644 592 4 4
640 596 8 8
640 604 4 8
648 592 16 4
652 592 16 4
656 592 8 4
656 600 4 4
656 604 4 4
660 592 8 8
660 600 8 4
664 600 8 4
668 592 4 4
668 596 8 4
668 604 4 4
672 576 8 4
672 584 16 4
672 600 8 4
676 576 16 4
676 592 16 4
680 576 32 16
696 576 32 8
640 608 8 8
648 608 4 8
648 612 4 8
640 616 8 4
644 616 4 8
644 620 4 8
652 616 8 4
656 608 8 4
660 608 8 8
668 608 8 4
656 616 8 8
664 616 8 8
640 624 8 16
640 632 8 4
644 632 8 8
652 632 4 4
652 636 4 4
656 624 8 4
660 624 8 8
668 624 8 4
656 632 4 16
656 636 4 16
672 608 4 4
672 612 8 4
672 620 4 4
676 608 8 4
676 616 8 4
680 608 8 8
680 616 8 4
684 616 8 4
688 608 16 16
672 624 8 4
676 624 8 8
684 624 8 4
672 632 4 8
672 636 4 8
680 632 8 8
688 624 16 16
704 576 16 16
704 592 16 16
720 576 32 8
728 576 32 4
732 576 32 4
736 576 32 32
704 608 32 8
712 608 32 16
728 608 32 4
732 608 16 4
732 624 16 4
736 608 16 4
740 608 16 8
748 608 16 4
752 608 16 16
736 624 8 16
736 632 8 4
740 632 8 8
748 632 8 4
752 624 16 4
756 624 16 8
764 624 16 4
