256 512 32 16
272 512 32 16
288 512 8 16
304 512 8 4
308 512 8 8
316 512 8 4
288 520 8 16
288 528 8 16
304 520 16 8
312 520 16 8
288 536 8 32
256 544 8 8
264 544 8 8
272 544 8 16
256 552 16 8
264 552 16 16
280 552 16 4
284 552 16 4
256 568 8 32
288 544 4 32
288 548 4 32
288 552 8 32
288 560 16 32
320 512 16 8
328 512 16 4
332 512 16 8
340 512 16 4
344 512 16 8
320 528 16 16
336 528 16 8
344 528 16 8
352 512 32 32
320 544 32 16
336 544 16 8
336 560 16 8
344 544 32 8
352 544 16 8
360 544 16 16
376 544 16 8
352 560 16 4
356 560 16 8
364 560 16 4
368 560 8 16
368 568 8 16
256 576 16 32
256 592 16 32
288 576 16 32
288 592 16 32
256 608 16 32
256 624 8 8
264 624 8 16
280 624 8 8
256 632 8 32
288 608 32 16
304 608 16 8
312 608 16 8
304 624 16 16
320 576 16 8
328 576 8 16
328 584 8 16
344 576 16 8
320 592 16 32
352 576 16 8
352 592 8 8
352 600 8 8
360 576 32 16
376 576 32 4
380 576 32 4
320 608 16 32
320 624 16 32
352 608 32 8
360 608 32 4
364 608 32 8
372 608 32 4
376 608 16 8
376 624 16 8
