896 512 32 16
912 512 16 16
912 528 16 8
920 528 16 8
928 512 16 8
936 512 16 4
940 512 16 4
944 512 8 4
948 512 8 4
944 520 4 8
944 524 4 8
952 512 16 8
928 528 8 16
928 536 8 16
944 528 8 16
944 536 8 8
952 536 8 8
896 544 16 4
900 544 16 4
896 560 8 8
896 568 8 8
904 544 8 16
904 552 8 16
904 560 16 16
920 544 8 8
920 552 16 8
920 568 8 8
928 544 32 16
944 544 8 16
944 552 16 16
944 568 8 16
960 512 32 32
992 512 32 32
960 544 16 8
968 544 16 8
976 544 16 16
960 560 16 4
964 560 16 4
968 560 8 8
968 568 8 4
972 568 8 4
976 560 16 16
992 544 32 32
896 576 16 32
896 592 8 16
896 600 8 16
912 592 16 16
928 576 8 16
928 584 8 16
944 576 16 16
928 592 16 32
896 608 8 16
896 616 8 16
912 608 16 16
896 624 16 16
912 624 8 16
912 632 8 16
928 608 32 32
960 576 16 4
964 576 16 8
972 576 16 4
960 592 16 4
964 592 16 8
972 592 16 4
976 576 8 16
976 584 4 16
976 588 8 16
976 596 4 16
976 600 4 16
976 604 4 16
992 576 32 32
960 608 16 16
976 608 16 4
980 608 8 8
980 616 8 8
988 608 16 4
960 624 16 16
976 624 16 8
984 624 16 8
992 608 8 16
992 616 16 4
996 616 16 8
1004 616 16 4
992 632 4 16
992 636 4 16
1008 608 32 16
