640 128 32 32
672 128 32 16
688 128 32 4
692 128 32 8
700 128 16 4
700 144 16 4
640 160 16 32
640 176 8 32
640 184 8 32
672 160 8 16
672 168 16 16
672 184 8 8
680 184 8 8
688 160 32 4
692 160 16 8
692 176 16 8
700 160 16 4
700 176 16 4
704 128 16 8
712 128 16 8
720 128 16 16
704 144 8 8
704 152 8 4
708 152 8 4
712 144 16 4
716 144 16 4
720 144 8 8
728 144 4 8
728 148 4 4
732 148 4 4
720 152 8 8
728 152 4 4
728 156 4 4
732 152 8 4
736 128 8 8
736 136 8 4
740 136 8 4
744 128 16 8
752 128 16 16
736 144 8 4
740 144 4 4
740 148 4 4
744 144 8 8
736 152 8 8
744 152 8 8
752 144 16 16
704 160 16 8
704 176 16 4
708 176 16 4
712 160 8 8
720 160 8 8
712 168 16 8
720 168 16 8
712 184 8 16
728 160 32 4
732 160 32 4
736 160 32 8
744 160 32 16
760 160 32 8
640 192 4 32
640 196 8 32
640 204 4 32
640 208 8 32
640 216 8 8
648 216 8 16
664 216 8 8
672 192 8 8
672 200 8 8
680 192 16 4
684 192 16 8
692 192 16 4
696 192 16 8
672 208 8 16
672 216 8 16
688 208 16 8
696 208 16 8
640 224 16 16
656 224 16 16
640 240 4 4
640 244 8 4
640 252 4 4
644 240 16 8
652 240 16 4
656 240 16 16
672 224 8 16
672 232 8 16
672 240 16 16
688 224 16 8
688 240 16 8
696 224 32 4
700 224 32 4
704 192 16 4
708 192 16 4
712 192 4 8
712 196 4 8
712 200 8 8
720 192 4 8
720 196 4 4
724 196 4 4
728 192 8 8
720 200 4 4
720 204 4 4
724 200 8 4
728 200 8 8
704 208 16 4
708 208 4 8
708 212 8 8
708 220 4 8
716 208 16 4
720 208 8 4
720 216 8 4
724 208 4 4
724 212 8 4
724 220 4 4
728 208 4 8
728 212 8 8
728 220 4 8
736 192 16 16
752 192 16 8
760 192 16 4
764 192 16 4
736 208 4 4
736 212 4 4
740 208 8 8
748 208 8 4
736 216 4 8
736 220 4 8
744 216 8 8
752 208 16 16
704 224 8 4
708 224 8 4
704 232 8 4
708 232 8 4
712 224 16 8
720 224 16 4
724 224 16 4
728 224 16 8
704 240 8 8
712 240 8 8
704 248 8 4
708 248 8 4
712 248 8 8
720 240 8 4
724 240 8 8
732 240 4 4
732 244 4 4
720 248 8 16
736 224 16 16
752 224 8 8
760 224 8 8
752 232 8 8
760 232 8 8
736 240 4 4
736 244 8 4
736 252 4 4
740 240 16 8
748 240 4 4
748 244 8 4
748 252 4 4
752 240 16 16
