640 0 16 16
640 16 16 16
656 0 32 16
672 0 32 32
640 32 16 8
648 32 16 8
640 48 16 16
656 32 16 16
656 48 4 16
656 52 8 16
656 60 4 16
672 32 8 16
672 40 4 16
672 44 8 16
672 52 4 16
672 56 8 16
688 32 32 16
704 0 16 16
720 0 16 16
704 16 8 8
712 16 8 16
728 16 8 8
704 24 4 32
704 28 4 32
736 0 16 8
736 16 16 8
744 0 8 4
748 0 8 8
756 0 8 4
744 8 16 4
748 8 16 8
756 8 16 4
744 24 8 4
748 24 8 8
756 24 8 4
760 0 16 8
760 16 8 8
760 24 8 8
704 32 32 32
736 32 32 16
752 32 16 4
756 32 16 8
764 32 16 4
752 48 16 8
760 48 16 8
640 64 16 16
656 64 16 16
640 80 8 8
640 88 8 4
644 88 8 4
648 80 8 8
648 88 8 8
656 80 8 16
656 88 8 16
672 64 4 4
676 64 4 8
684 64 4 4
672 68 8 8
680 68 8 8
672 76 4 8
680 76 4 8
688 64 4 4
688 68 4 4
692 64 4 4
692 68 4 4
696 64 4 8
696 68 4 8
688 72 8 8
696 72 8 4
700 72 8 4
672 80 16 16
688 80 8 4
692 80 8 4
696 80 8 8
688 88 8 16
640 96 8 32
640 104 8 16
656 104 8 16
640 112 8 32
640 120 8 32
672 96 8 8
680 96 8 8
672 104 8 16
688 96 16 16
672 112 8 16
672 120 8 16
688 112 16 8
696 112 8 8
696 120 8 8
704 64 8 32
704 72 8 32
704 80 16 8
712 80 16 8
720 80 16 16
736 64 8 16
736 72 8 4
740 72 8 8
748 72 8 4
752 64 8 4
756 64 8 4
760 64 8 8
752 72 4 4
756 72 4 8
764 72 4 4
752 76 4 16
736 80 16 8
744 80 8 4
744 88 8 4
748 80 16 4
752 80 8 16
752 88 8 8
760 88 8 4
764 88 8 4
704 96 16 4
704 112 16 4
708 96 8 8
708 104 16 8
708 120 8 8
716 96 16 4
716 112 16 4
720 96 8 16
720 104 8 16
720 112 16 8
728 112 16 8
736 96 4 8
744 96 4 8
736 100 8 16
736 108 4 4
740 108 4 8
748 108 4 4
752 96 8 4
752 104 4 4
752 108 4 4
756 96 4 8
756 100 4 8
756 104 8 4
760 104 8 4
764 96 4 4
764 100 4 4
764 104 8 4
736 112 16 8
744 112 8 4
748 112 8 4
744 120 8 4
748 120 8 4
752 112 8 16
752 120 8 16
