512 384 32 8
520 384 32 8
528 384 32 4
532 384 32 4
536 384 16 8
536 400 16 8
544 384 32 32
512 416 16 8
520 416 16 8
528 416 8 4
532 416 8 8
540 416 8 4
528 424 8 16
512 432 16 8
520 432 16 8
528 432 16 4
532 432 16 4
536 432 8 8
536 440 8 8
544 416 8 4
548 416 8 8
556 416 8 4
544 424 8 8
552 424 8 8
560 416 16 16
544 432 4 8
552 432 4 8
544 436 8 4
548 436 8 8
556 436 4 4
556 440 4 4
544 444 4 16
560 432 8 4
560 440 8 4
564 432 16 4
568 432 16 8
576 384 32 16
592 384 16 16
592 400 4 16
592 404 8 16
592 412 4 16
608 384 8 8
616 384 8 8
608 392 8 4
612 392 8 4
616 392 8 8
624 384 8 8
632 384 8 8
624 392 8 8
632 392 8 4
636 392 8 4
608 400 4 4
608 404 8 4
608 412 4 4
612 400 16 4
616 400 8 4
620 400 8 4
616 408 4 8
616 412 4 8
624 400 16 4
628 400 8 4
632 400 8 4
628 408 4 8
628 412 4 8
636 400 16 4
576 416 8 8
584 416 8 8
576 424 8 8
584 424 8 8
592 416 16 4
596 416 8 8
596 424 8 4
600 424 8 4
604 416 8 4
604 424 8 4
576 432 8 8
576 440 8 4
580 440 8 4
584 432 8 8
584 440 8 8
592 432 8 8
600 432 4 8
600 436 4 8
592 440 8 4
596 440 8 8
604 440 8 4
608 416 16 4
612 416 4 4
612 420 8 4
612 428 4 4
616 416 16 8
624 416 4 4
628 416 4 4
624 420 8 4
628 420 8 4
624 428 4 4
628 428 4 4
632 416 16 8
608 432 4 8
608 436 8 4
612 436 8 4
608 444 4 8
616 432 4 8
616 436 8 8
616 444 4 8
624 432 4 4
628 432 4 4
624 436 8 8
624 444 4 8
632 432 16 4
636 432 16 4
512 448 32 16
528 448 32 4
532 448 32 4
536 448 32 8
544 448 16 16
560 448 8 16
560 456 8 16
544 464 16 32
512 480 8 8
520 480 8 8
512 488 16 16
512 504 8 16
528 480 16 4
528 496 16 4
532 480 32 8
540 480 32 4
544 480 32 32
576 448 4 4
580 448 4 4
576 452 4 4
580 452 4 4
584 448 8 8
576 456 8 8
584 456 8 8
592 448 16 4
596 448 8 8
596 456 8 8
604 448 4 4
604 452 8 4
604 460 4 4
576 464 16 16
592 464 16 4
596 464 4 8
596 468 8 8
596 476 4 4
600 476 4 4
604 464 16 4
608 448 16 4
612 448 4 8
612 452 4 8
612 456 8 8
620 448 4 4
620 452 4 4
620 456 8 4
624 448 4 4
628 448 4 4
624 452 4 4
628 452 4 4
632 448 4 4
632 452 4 4
636 448 8 4
624 456 8 8
632 456 8 8
608 464 8 4
608 472 8 4
612 464 16 4
616 464 8 8
616 472 4 8
616 476 4 8
624 464 8 4
624 472 8 4
628 464 8 8
628 472 8 8
636 464 16 4
576 480 32 8
584 480 8 16
584 488 16 8
592 488 16 8
584 504 8 16
600 480 8 4
600 488 16 4
600 504 8 4
604 480 8 4
604 488 16 4
604 504 8 4
608 480 16 4
612 480 16 4
616 480 16 4
620 480 16 8
628 480 16 4
632 480 16 8
608 496 16 4
612 496 16 4
616 496 8 16
616 504 8 16
632 496 16 8
