896 128 16 16
912 128 16 8
920 128 16 8
896 144 16 32
928 128 16 16
944 128 16 16
928 144 16 32
896 160 16 32
896 176 8 32
896 184 8 8
904 184 8 16
920 184 8 8
928 160 8 32
928 168 4 16
944 168 4 16
928 172 8 32
928 180 4 32
928 184 4 32
928 188 4 32
960 128 32 8
968 128 32 8
976 128 16 16
976 144 16 16
992 128 16 8
992 144 16 8
1000 128 16 8
1000 144 16 8
1008 128 32 16
960 160 8 16
976 160 8 16
960 168 4 32
960 172 8 32
960 180 4 32
960 184 4 32
960 188 4 32
992 160 8 32
992 168 16 32
992 184 8 16
1008 184 4 16
1008 188 4 16
896 192 4 4
896 196 8 4
896 204 4 4
900 192 8 4
900 200 8 4
904 192 16 8
912 192 8 8
920 192 8 8
912 200 8 4
916 200 8 8
924 200 8 4
896 208 16 4
900 208 16 8
908 208 16 4
912 208 8 4
916 208 8 4
920 208 8 8
912 216 4 4
916 216 4 4
912 220 4 8
920 216 4 4
920 220 4 4
924 216 8 4
928 192 8 8
928 200 8 8
936 192 16 8
944 192 8 8
952 192 8 8
944 200 8 16
928 208 16 8
936 208 4 8
936 212 8 4
940 212 8 4
936 220 4 8
944 208 16 4
948 208 16 4
952 208 16 4
956 208 16 4
896 224 8 4
900 224 8 4
904 224 8 4
908 224 8 4
896 232 8 16
912 224 8 8
920 224 4 8
920 228 4 8
912 232 8 8
920 232 4 8
920 236 4 8
896 240 4 4
896 244 8 4
896 252 4 4
900 240 8 4
900 248 8 4
904 240 8 4
908 240 8 4
904 248 8 4
908 248 8 4
912 240 8 16
912 248 4 8
912 252 4 8
920 248 8 8
928 224 4 4
932 224 4 4
928 228 4 4
932 228 4 4
936 224 4 8
936 228 4 8
928 232 8 8
936 232 4 8
936 236 4 8
944 224 4 8
944 228 4 8
944 232 4 8
944 236 4 8
952 224 8 4
952 232 8 4
956 224 16 4
928 240 16 8
936 240 8 8
936 248 8 8
944 240 8 8
952 240 8 4
956 240 8 4
944 248 8 8
952 248 4 8
952 252 4 4
956 252 4 4
960 192 4 32
960 196 4 32
960 200 16 16
976 200 16 16
960 216 4 8
960 220 4 8
968 216 8 4
972 216 8 8
980 216 8 4
984 216 8 4
988 216 8 4
992 192 4 16
992 196 4 16
992 200 8 8
1000 200 8 8
1008 192 8 4
1008 200 8 4
1012 192 4 4
1012 196 8 4
1012 204 4 4
1016 192 4 8
1016 196 4 8
1016 200 8 8
992 208 8 16
992 216 8 4
996 216 8 4
1000 216 4 8
1000 220 4 8
1008 208 8 4
1012 208 8 4
1008 216 4 8
1008 220 4 8
1016 208 16 8
960 224 16 4
964 224 16 4
968 224 16 8
976 224 16 8
984 224 8 4
988 224 8 4
984 232 8 8
960 240 8 16
960 248 8 16
976 240 4 16
976 244 8 16
976 252 4 4
980 252 4 4
984 252 4 8
992 224 4 4
992 228 8 4
992 236 4 4
996 224 16 4
1000 224 16 8
1008 224 8 4
1012 224 8 4
1008 232 4 8
1008 236 4 8
1016 224 4 4
1016 228 8 4
1016 236 4 4
1020 224 16 4
992 240 16 4
996 240 4 8
996 244 8 4
1000 244 8 4
996 252 4 8
1004 240 4 4
1004 244 4 4
1004 248 8 4
1008 240 4 4
1012 240 4 4
1016 240 4 8
1008 244 8 4
1012 244 8 4
1016 244 8 8
1008 252 4 16
