896 384 16 4
900 384 16 8
908 384 8 4
908 392 8 4
912 384 16 4
916 384 8 8
916 392 4 8
916 396 4 8
924 384 8 4
924 392 8 4
896 400 4 8
896 404 4 4
900 404 4 4
904 400 8 8
896 408 8 4
900 408 8 4
904 408 4 4
904 412 4 4
908 408 8 4
912 400 4 8
920 400 4 8
912 404 8 16
912 412 4 4
916 412 4 8
924 412 4 4
928 384 8 8
928 392 8 8
936 384 4 4
936 388 8 4
936 396 4 4
940 384 16 4
944 384 4 8
944 388 4 8
952 384 8 8
944 392 4 16
944 396 4 8
952 396 4 8
928 400 4 8
928 404 4 8
928 408 4 8
928 412 4 8
936 400 4 8
936 404 4 8
936 408 4 8
936 412 4 8
944 400 4 8
952 400 4 8
944 404 4 16
944 408 8 16
896 416 16 4
900 416 4 4
900 420 8 4
900 428 4 4
904 416 8 4
908 416 8 4
904 424 8 4
908 424 8 4
912 416 4 4
916 416 4 8
924 416 4 4
912 420 4 16
912 424 8 16
896 432 16 8
904 432 8 8
904 440 8 8
912 432 8 16
912 440 8 4
916 440 4 8
916 444 4 8
924 440 8 4
928 416 8 8
936 416 8 16
952 416 4 8
952 420 4 8
928 424 4 8
936 424 4 16
952 424 4 8
928 428 8 32
928 436 4 32
928 440 8 16
944 440 8 16
960 384 8 4
964 384 8 8
972 384 8 4
960 392 4 8
960 396 4 8
968 392 4 8
968 396 4 8
976 384 4 8
976 388 8 8
976 396 4 8
984 384 16 4
988 384 16 4
960 400 4 8
968 400 4 8
960 404 4 8
968 404 4 8
960 408 8 8
968 408 4 8
968 412 4 8
976 400 4 8
984 400 4 8
976 404 4 8
984 404 4 8
976 408 4 4
980 408 4 8
988 408 4 4
976 412 4 8
984 412 4 8
992 384 8 4
996 384 8 4
992 392 4 8
992 396 4 8
1000 384 16 8
1008 384 16 8
1016 384 16 4
1020 384 16 4
992 400 8 4
996 400 8 4
1000 400 8 8
992 408 4 8
1000 408 4 8
992 412 4 8
1000 412 4 8
1008 400 4 16
1008 404 8 16
1008 412 4 16
960 416 8 8
968 416 8 8
976 416 4 16
976 420 4 16
960 424 4 8
968 424 4 16
984 424 4 8
960 428 8 32
960 436 4 32
960 440 8 8
968 440 4 16
968 444 4 16
984 440 8 8
992 416 8 8
1000 416 8 16
1016 416 8 8
992 424 8 16
1008 424 8 16
992 432 16 32
896 448 16 4
900 448 16 8
908 448 16 4
912 448 8 4
912 456 8 4
916 448 8 4
916 456 8 4
920 448 16 8
896 464 16 16
912 464 16 4
916 464 4 4
920 464 4 4
916 468 8 8
916 476 4 8
924 464 4 4
924 468 4 4
924 472 8 4
928 448 8 32
928 456 16 32
928 472 8 16
944 472 8 16
896 480 32 16
912 480 32 16
928 480 8 32
928 488 16 8
936 488 16 8
944 488 16 16
928 504 8 16
944 504 4 16
944 508 4 16
960 448 8 8
968 448 8 16
984 448 8 8
960 456 8 16
976 456 8 16
960 464 16 32
992 448 32 32
960 480 16 32
960 496 8 16
960 504 8 16
976 496 4 16
976 500 8 16
976 508 4 16
992 480 8 16
992 488 4 16
992 492 4 16
1008 480 4 8
1008 484 4 8
1016 480 8 8
1008 488 8 16
992 496 16 16
1008 496 16 16
