384 512 32 32
416 512 16 8
424 512 16 8
432 512 16 4
436 512 16 8
444 512 8 4
444 520 8 4
416 528 16 8
424 528 16 8
432 528 16 4
436 528 16 4
440 528 16 8
384 544 16 16
400 544 16 16
384 560 16 8
392 560 16 8
400 560 4 16
400 564 8 4
404 564 8 8
412 564 8 4
400 572 4 16
416 544 16 16
432 544 16 8
440 544 16 8
416 560 16 8
424 560 16 16
440 560 16 8
448 512 16 4
452 512 16 4
448 528 16 8
456 512 16 8
464 512 16 8
456 528 16 16
472 512 8 8
472 520 16 8
472 536 8 8
480 512 8 8
488 512 8 16
504 512 8 8
480 520 16 32
480 536 8 16
496 536 8 16
448 544 16 8
456 544 16 16
472 544 8 8
472 552 8 8
448 560 16 8
456 560 16 8
464 560 16 4
468 560 16 8
476 560 16 4
480 544 32 32
384 576 16 32
384 592 16 16
400 592 16 4
404 592 16 8
412 592 16 4
416 576 32 32
384 608 8 8
384 616 16 8
384 632 8 8
392 608 32 16
408 608 32 8
416 608 32 32
448 576 8 8
448 584 16 8
448 600 8 8
456 576 8 8
456 584 16 8
456 600 8 8
464 576 32 8
472 576 8 8
472 584 16 8
472 600 8 8
480 576 8 8
480 584 16 8
480 600 8 8
488 576 8 16
488 584 8 16
488 592 8 16
488 600 8 16
504 576 32 8
448 608 32 16
464 608 32 16
480 608 32 32
