640 384 8 16
640 392 8 16
656 384 16 16
640 400 4 16
640 404 8 16
640 412 4 16
656 400 16 8
664 400 16 8
672 384 32 8
680 384 16 16
680 400 16 16
696 384 32 4
700 384 8 4
700 392 16 4
700 408 8 4
640 416 8 8
648 416 8 8
640 424 8 8
648 424 4 8
648 428 4 8
656 416 8 8
656 424 8 4
660 424 8 4
664 416 16 8
640 432 16 8
648 432 8 8
648 440 8 8
656 432 8 8
656 440 8 8
664 432 16 4
668 432 16 4
672 416 16 8
680 416 16 8
688 416 16 4
692 416 16 4
696 416 16 8
672 432 16 4
676 432 8 4
680 432 8 4
676 440 8 4
680 440 8 4
684 432 16 4
688 432 16 4
692 432 8 8
692 440 8 8
700 432 16 4
704 384 16 8
704 400 16 4
708 400 16 4
712 384 32 16
728 384 32 8
736 384 32 16
752 384 32 16
704 416 32 4
708 416 16 8
708 432 16 8
716 416 32 4
720 416 16 16
720 432 16 16
736 416 16 32
736 432 16 16
752 432 16 8
760 432 16 8
640 448 8 8
648 448 8 8
640 456 4 4
640 460 4 4
644 456 8 4
648 456 8 8
656 448 16 16
640 464 8 8
648 464 8 4
652 464 8 4
640 472 8 8
648 472 8 4
652 472 8 4
656 464 16 8
664 464 16 8
672 448 8 8
680 448 8 8
672 456 8 16
688 448 16 16
672 464 16 16
688 464 16 16
640 480 8 4
644 480 8 4
648 480 8 8
640 488 8 8
648 488 8 8
656 480 8 8
656 488 8 4
660 488 8 4
664 480 16 8
640 496 8 4
640 504 8 4
644 496 8 4
648 496 8 4
644 504 8 4
648 504 8 4
652 496 8 4
652 504 8 4
656 496 4 4
656 500 8 4
656 508 4 4
660 496 16 4
664 496 16 4
668 496 16 4
672 480 32 32
704 448 16 4
708 448 16 8
716 448 16 4
704 464 16 8
712 464 16 8
720 448 32 4
724 448 32 4
728 448 32 8
736 448 32 16
752 448 8 4
756 448 8 8
764 448 8 4
752 456 16 8
760 456 16 8
752 472 8 16
704 480 32 8
712 480 32 4
716 480 32 4
720 480 32 4
724 480 32 4
728 480 32 4
732 480 32 4
736 480 32 32
