512 640 8 8
512 648 8 8
512 656 16 4
516 656 16 4
520 640 8 16
520 648 4 16
520 652 8 16
520 660 4 16
520 664 8 16
536 640 32 4
540 640 32 4
544 640 16 32
544 656 16 16
560 656 16 16
512 672 8 8
512 680 16 8
512 696 8 8
520 672 32 8
528 672 32 8
536 672 32 4
540 672 32 4
544 672 16 16
544 688 16 16
560 672 32 16
576 640 8 4
580 640 8 8
588 640 4 4
588 644 4 4
576 648 8 4
580 648 8 8
588 648 8 4
592 640 16 4
596 640 16 4
600 640 16 4
604 640 16 4
576 656 16 8
584 656 8 4
588 656 8 4
584 664 4 8
584 668 4 8
592 656 4 8
600 656 4 4
604 656 4 4
592 660 8 16
592 668 4 8
600 668 4 4
604 668 4 4
608 640 4 4
608 644 4 4
612 640 8 4
616 640 8 8
608 648 8 8
616 648 8 8
624 640 8 4
624 648 8 4
628 640 8 8
628 648 8 4
632 648 8 4
636 640 16 4
608 656 8 8
616 656 8 8
608 664 4 8
608 668 4 8
616 664 8 8
624 656 4 16
624 660 4 4
624 664 4 4
628 660 8 8
636 660 8 4
624 668 4 16
576 672 32 16
592 672 8 8
600 672 8 8
592 680 16 4
596 680 16 8
604 680 16 4
592 696 4 16
592 700 4 16
608 672 8 8
616 672 8 8
608 680 4 8
616 680 4 8
608 684 4 16
624 672 4 4
624 676 4 4
628 672 8 4
632 672 4 8
632 676 4 8
624 680 4 4
628 680 4 4
624 684 4 8
632 680 8 8
608 688 4 16
608 692 8 8
616 692 8 8
608 700 4 16
624 688 8 4
628 688 8 4
632 688 8 8
624 696 8 8
632 696 8 8
512 704 16 16
528 704 16 8
536 704 8 4
540 704 8 4
536 712 8 8
544 704 16 8
552 704 8 8
552 712 8 8
560 704 8 16
560 712 8 16
576 704 8 8
576 712 8 8
584 704 16 8
592 704 16 4
596 704 16 8
604 704 8 4
604 712 8 4
608 704 4 16
608 708 8 4
612 708 8 4
616 708 8 4
620 708 8 4
608 716 4 16
624 704 8 8
632 704 8 4
636 704 8 4
624 712 8 16
