384 128 64 64
448 128 32 32
480 128 32 4
484 128 32 8
492 128 32 4
496 128 32 4
500 128 8 8
500 136 16 8
500 152 8 8
508 128 32 4
448 160 32 32
480 160 32 4
484 160 32 4
488 160 32 4
492 160 32 8
500 160 8 4
500 168 16 4
500 184 8 4
504 160 8 4
504 168 16 4
504 184 8 4
508 160 8 4
508 168 16 4
508 184 8 4
384 192 64 64
448 192 32 16
464 192 16 16
464 208 16 16
480 192 32 4
484 192 32 8
492 192 16 4
492 208 16 4
496 192 8 4
496 200 16 4
496 216 8 4
500 192 8 8
500 200 16 8
500 216 8 8
508 192 8 4
508 200 16 4
508 216 8 4
448 224 32 8
456 224 32 16
472 224 32 8
480 224 16 8
488 224 16 8
496 224 8 4
500 224 8 8
508 224 8 4
496 232 8 4
500 232 8 4
504 232 8 8
480 240 16 16
496 240 16 4
500 240 4 8
500 244 4 8
500 248 8 8
508 240 4 4
508 244 8 4
508 252 4 4
