640 640 8 8
648 640 8 8
640 648 4 4
644 648 4 4
640 652 4 8
648 648 8 8
656 640 8 8
664 640 8 8
656 648 8 8
664 648 4 8
664 652 4 8
640 656 16 4
644 656 8 4
644 664 8 4
648 656 16 8
656 656 4 16
656 660 4 4
660 660 4 8
668 660 4 4
656 664 8 4
660 664 8 4
664 664 8 8
672 640 16 8
680 640 16 8
688 640 16 16
672 656 16 4
676 656 8 8
676 664 8 8
684 656 16 4
688 656 16 8
696 656 16 8
640 672 8 4
644 672 8 4
648 672 8 4
652 672 8 4
640 680 4 4
644 680 4 8
652 680 4 4
640 684 4 16
656 672 8 16
656 680 8 8
664 680 8 8
640 688 8 8
648 688 8 4
652 688 8 4
640 696 8 16
656 688 4 4
660 688 4 4
664 688 4 4
668 688 4 4
656 692 8 16
656 700 4 16
672 672 4 8
672 676 4 4
676 676 4 4
680 672 8 8
672 680 8 8
680 680 8 8
688 672 16 4
692 672 16 4
696 672 16 8
672 688 8 4
676 688 8 4
680 688 8 4
684 688 8 4
672 696 4 4
672 700 4 4
676 696 4 8
676 700 4 8
684 696 8 4
688 688 8 8
688 696 8 8
696 688 16 8
704 640 32 8
712 640 16 16
712 656 16 4
716 656 16 8
724 656 16 4
728 640 16 4
732 640 16 4
728 656 16 8
736 640 16 32
736 656 16 32
704 672 32 16
720 672 16 8
728 672 16 8
720 688 16 4
724 688 16 8
732 688 16 4
736 672 32 32
640 704 16 4
644 704 16 4
648 704 16 8
656 704 16 4
660 704 16 4
664 704 4 8
664 708 8 8
664 716 4 8
672 704 8 4
676 704 8 4
680 704 8 8
672 712 4 16
672 716 4 4
676 716 4 8
684 716 4 4
688 704 16 8
696 704 8 8
696 712 8 8
704 704 16 16
720 704 16 8
728 704 16 8
736 704 16 16
752 704 8 4
752 712 8 4
756 704 16 4
760 704 16 4
764 704 8 4
764 712 8 4
