512 256 4 4
512 260 4 4
516 256 8 8
524 256 8 4
512 264 8 4
516 264 8 8
524 264 8 4
528 256 16 4
532 256 16 8
540 256 16 4
512 272 16 4
516 272 16 8
524 272 16 4
528 272 16 4
532 272 8 8
532 280 8 8
540 272 16 4
544 256 32 32
512 288 16 16
528 288 8 4
532 288 8 4
536 288 8 8
528 296 8 4
532 296 8 4
536 296 8 8
512 304 16 16
528 304 4 8
536 304 4 8
528 308 4 8
536 308 4 8
528 312 4 4
532 312 4 8
540 312 4 4
528 316 4 16
544 288 32 32
576 256 8 32
576 264 16 16
592 264 4 16
592 268 8 16
592 276 4 16
576 280 8 8
584 280 8 16
600 280 8 8
608 256 8 16
624 256 8 16
608 264 16 8
616 264 16 16
632 264 16 8
608 280 4 8
616 280 4 16
632 280 4 8
608 284 4 8
616 284 4 16
632 284 4 8
576 288 16 16
592 288 16 16
576 304 16 16
592 304 16 16
608 288 4 32
608 292 8 16
624 292 8 16
608 300 4 8
616 300 4 16
632 300 4 8
608 304 4 16
608 308 8 16
608 316 4 16
624 304 4 16
624 308 8 16
624 316 4 16
512 320 16 16
528 320 16 8
536 320 8 4
536 328 8 4
540 320 8 4
540 328 8 4
512 336 16 16
528 336 16 4
532 336 4 8
532 340 4 8
532 344 8 8
540 336 4 4
540 340 8 4
540 348 4 4
544 320 8 32
544 328 4 32
544 332 4 32
544 336 8 8
544 344 8 8
552 336 16 16
568 336 16 8
512 352 16 4
516 352 4 4
516 356 8 4
516 364 4 4
520 352 8 4
520 360 8 4
524 352 16 4
528 352 16 8
536 352 16 8
512 368 16 8
520 368 16 8
528 368 4 4
528 372 4 4
528 376 8 4
532 368 16 8
540 368 16 4
544 352 32 8
552 352 8 8
552 360 16 8
552 376 8 8
560 352 16 8
560 368 16 8
568 352 16 8
568 368 16 8
576 320 16 16
592 320 16 16
576 336 16 32
608 320 16 16
624 320 16 16
608 336 16 32
576 352 16 16
592 352 16 16
576 368 16 8
584 368 16 8
592 368 16 16
608 352 8 16
608 360 8 16
624 352 4 16
624 356 8 16
624 364 4 16
608 368 16 16
624 368 16 16
