1024 128 16 32
1024 144 8 32
1024 152 8 16
1040 152 8 16
1056 128 32 32
1024 160 16 16
1040 160 16 16
1024 176 4 4
1024 180 4 4
1028 176 8 8
1036 176 8 4
1024 184 8 4
1028 184 8 4
1032 184 4 8
1032 188 4 8
1040 176 4 8
1040 180 8 4
1044 180 8 4
1040 188 4 8
1048 176 16 4
1052 176 16 4
1056 160 32 16
1072 160 32 16
1088 128 32 32
1120 128 32 16
1136 128 32 16
1088 160 32 32
1120 160 32 8
1128 160 32 4
1132 160 32 4
1136 160 32 16
1024 192 8 4
1024 200 8 4
1028 192 8 4
1028 200 8 4
1032 192 4 4
1032 196 8 4
1032 204 4 4
1036 192 4 4
1036 196 8 4
1036 204 4 4
1040 192 16 8
1048 192 16 8
1024 208 4 8
1024 212 8 8
1024 220 4 8
1032 208 4 4
1032 212 8 4
1032 220 4 4
1036 208 8 4
1036 216 8 4
1040 208 16 4
1044 208 16 4
1048 208 16 8
1056 192 32 32
1024 224 16 4
1028 224 16 4
1032 224 16 4
1036 224 8 4
1036 232 8 4
1040 224 16 4
1044 224 16 4
1048 224 16 8
1024 240 4 4
1024 244 8 4
1024 252 4 4
1028 240 4 8
1028 244 4 8
1028 248 8 8
1036 240 16 4
1040 240 8 4
1044 240 8 4
1040 248 8 4
1044 248 8 4
1048 240 16 8
1056 224 32 16
1072 224 32 16
1088 192 16 8
1096 192 16 16
1112 192 16 8
1088 208 16 8
1096 208 16 4
1100 208 16 8
1108 208 16 4
1112 208 16 4
1116 208 16 4
1120 192 32 4
1124 192 32 8
1132 192 32 4
1136 192 32 4
1140 192 32 4
1144 192 32 8
1088 224 32 8
1096 224 32 8
1104 224 32 8
1112 224 32 8
1120 224 16 4
1124 224 16 4
1120 240 16 4
1124 240 16 4
1128 224 32 4
1132 224 32 8
1140 224 32 4
1144 224 32 8
