768 384 4 32
768 388 8 32
768 396 4 32
768 400 16 32
800 384 4 8
808 384 4 16
824 384 4 8
800 388 8 32
800 396 4 32
800 400 16 32
768 416 8 32
768 424 8 16
768 432 8 16
784 424 16 8
792 424 16 8
768 440 8 32
800 416 4 32
800 420 4 32
800 424 4 32
800 428 8 32
800 436 4 32
800 440 8 32
832 384 4 16
832 388 8 16
832 396 4 16
848 384 4 8
848 388 4 8
856 384 4 8
856 388 4 8
848 392 8 16
832 400 16 16
848 400 16 16
864 384 4 8
864 388 4 8
864 392 8 8
872 384 16 8
880 384 4 16
880 388 8 16
880 396 4 16
864 400 16 16
880 400 16 4
884 400 16 4
888 400 8 4
888 408 8 4
892 400 16 4
832 416 32 32
864 416 16 8
872 416 8 8
872 424 8 8
880 416 16 8
888 416 16 4
892 416 16 4
864 432 16 16
880 432 16 4
884 432 16 8
892 432 16 4
768 448 4 16
768 452 4 16
784 448 8 16
768 456 16 8
776 456 16 16
792 456 16 4
796 456 16 4
768 472 8 8
776 472 8 16
792 472 8 4
796 472 8 4
800 448 8 16
800 456 8 16
816 448 16 16
800 464 4 32
800 468 4 32
800 472 8 16
816 472 8 16
768 480 32 8
776 480 32 16
792 480 32 4
796 480 32 4
800 480 16 32
800 496 16 32
832 448 8 8
832 456 16 8
832 472 8 8
840 448 32 8
848 448 32 8
856 448 32 4
860 448 32 4
864 448 16 16
880 448 16 8
888 448 16 4
892 448 8 4
892 456 8 4
864 464 16 4
868 464 16 8
876 464 16 4
880 464 16 4
884 464 16 8
892 464 16 4
832 480 32 16
848 480 16 4
852 480 16 8
860 480 16 4
848 496 16 8
856 496 16 8
864 480 16 4
868 480 16 4
864 496 16 8
872 480 16 8
880 480 16 8
872 496 16 8
880 496 16 8
888 480 16 4
888 496 16 4
892 480 32 4
