256 384 32 32
288 384 32 32
256 416 32 32
288 416 32 32
320 384 16 32
320 400 4 32
320 404 8 16
336 404 8 16
320 412 4 8
328 412 4 16
344 412 4 8
352 384 16 32
352 400 16 32
320 416 16 4
320 432 16 4
324 416 32 8
332 416 32 4
336 416 32 16
352 416 16 32
352 432 16 32
256 448 32 32
288 448 32 8
296 448 32 16
312 448 32 8
256 480 32 8
264 480 32 16
280 480 16 8
280 496 16 8
288 480 32 32
320 448 32 8
328 448 32 4
332 448 32 4
336 448 16 8
336 464 16 8
344 448 8 8
344 456 16 8
344 472 8 8
352 448 32 32
320 480 32 16
336 480 32 16
352 480 16 8
360 480 16 8
368 480 16 8
376 480 16 8
352 496 16 8
360 496 16 8
368 496 16 8
376 496 16 8
