1024 384 16 16
1040 384 8 16
1040 392 8 4
1044 392 8 8
1052 392 8 4
1024 400 8 16
1024 408 8 16
1040 400 4 8
1048 400 4 8
1040 404 8 8
1048 404 4 8
1048 408 4 8
1040 412 4 16
1056 384 16 4
1060 384 16 4
1064 384 8 8
1064 392 8 8
1072 384 16 16
1056 400 4 4
1056 404 4 4
1060 400 8 4
1064 400 8 8
1056 408 8 8
1064 408 4 8
1064 412 4 4
1068 412 4 4
1072 400 16 16
1024 416 8 8
1024 424 16 8
1024 440 8 8
1032 416 8 16
1032 424 8 16
1032 432 16 16
1048 416 32 4
1052 416 32 4
1056 416 4 8
1064 416 4 16
1080 416 4 8
1056 420 4 8
1064 420 4 16
1080 420 4 8
1056 424 16 32
1056 440 4 32
1056 444 4 32
1088 384 16 16
1104 384 16 16
1088 400 8 16
1088 408 4 8
1088 412 4 8
1096 408 4 8
1096 412 4 8
1104 400 4 16
1104 404 4 4
1104 408 4 4
1108 404 8 8
1116 404 8 4
1104 412 4 16
1120 384 8 16
1120 392 8 16
1120 400 16 8
1128 400 16 8
1136 384 32 4
1140 384 32 8
1148 384 32 4
1088 416 4 8
1088 420 4 4
1092 420 4 4
1096 416 8 8
1088 424 8 4
1092 424 8 4
1096 424 4 8
1096 428 4 8
1104 416 4 16
1104 420 4 8
1112 420 4 8
1104 424 8 8
1112 424 8 8
1088 432 16 16
1104 432 16 16
1120 416 32 8
1128 416 32 16
1144 416 32 4
1148 416 32 4
1024 448 16 16
1040 448 4 16
1040 452 8 16
1040 460 4 16
1024 464 8 4
1024 472 8 4
1028 464 8 8
1028 472 8 8
1036 464 16 4
1040 464 16 16
1056 448 32 32
1024 480 32 32
1056 480 32 32
1088 448 32 32
1120 448 32 16
1136 448 32 4
1140 448 32 4
1144 448 32 8
1088 480 32 32
1120 480 32 16
1136 480 32 4
1140 480 32 4
1144 480 32 8
