768 512 16 8
776 512 16 8
784 512 8 8
784 520 8 8
792 512 16 4
796 512 16 4
768 528 16 8
776 528 16 8
784 528 16 4
788 528 16 4
792 528 16 4
796 528 16 4
800 512 4 8
800 516 8 8
800 524 4 8
808 512 16 8
816 512 4 8
816 516 8 8
816 524 4 8
824 512 16 8
800 528 8 8
808 528 8 8
800 536 8 8
808 536 8 8
816 528 16 8
824 528 16 8
768 544 32 16
784 544 32 8
792 544 8 8
792 552 16 8
792 568 8 8
800 544 8 4
800 552 16 4
800 568 8 4
804 544 16 4
804 560 16 4
808 544 16 4
808 560 16 4
812 544 32 8
820 544 16 4
820 560 16 4
824 544 32 8
832 512 8 16
832 520 8 16
848 512 4 8
848 516 8 4
852 516 8 4
848 524 4 8
856 512 8 4
860 512 8 4
856 520 8 8
832 528 16 8
840 528 4 8
840 532 8 8
840 540 4 8
848 528 16 4
852 528 16 8
860 528 16 4
864 512 32 8
872 512 16 8
872 528 16 8
880 512 16 4
884 512 16 8
892 512 16 4
880 528 16 4
884 528 16 8
892 528 16 4
832 544 16 8
832 560 16 8
840 544 16 4
844 544 16 8
852 544 16 4
840 560 4 16
840 564 8 16
840 572 4 16
856 544 32 8
864 544 32 16
880 544 32 16
768 576 16 16
784 576 8 4
788 576 8 8
796 576 8 4
784 584 8 16
768 592 16 8
776 592 16 8
784 592 16 8
792 592 16 8
800 576 8 4
804 576 8 4
800 584 16 8
800 600 8 8
808 576 32 4
812 576 16 8
812 592 16 8
820 576 8 4
820 584 16 4
820 600 8 4
824 576 8 8
824 584 16 8
824 600 8 8
768 608 16 8
776 608 16 4
780 608 16 4
784 608 16 8
792 608 16 8
768 624 4 8
768 628 8 8
768 636 4 8
776 624 16 8
784 624 16 4
788 624 16 4
792 624 8 8
792 632 8 8
800 608 8 8
808 608 8 16
824 608 8 8
800 616 8 16
816 616 8 16
800 624 16 32
832 576 8 16
832 584 8 16
832 592 4 16
832 596 8 16
832 604 4 16
848 576 8 16
848 584 16 8
856 584 16 8
848 600 4 16
848 604 4 16
864 576 16 8
864 592 16 8
872 576 32 16
888 576 32 4
892 576 32 4
832 608 32 16
848 608 32 8
856 608 32 8
864 608 32 16
880 608 32 8
888 608 32 8
