768 128 8 16
768 136 8 8
776 136 8 8
784 128 8 4
788 128 4 8
788 132 4 8
796 128 8 4
784 136 4 4
788 136 4 8
796 136 4 4
784 140 4 4
788 140 4 8
796 140 4 4
768 144 16 4
772 144 8 8
772 152 8 4
776 152 8 4
780 144 16 4
784 144 16 16
800 128 4 8
800 132 4 8
808 128 4 8
808 132 4 8
800 136 4 4
800 140 4 4
804 136 8 8
812 136 8 4
816 128 8 8
824 128 8 4
828 128 8 4
816 136 8 4
820 136 8 4
824 136 8 4
828 136 8 4
800 144 16 8
808 144 16 4
812 144 16 4
816 144 16 8
824 144 16 4
828 144 16 4
768 160 32 4
772 160 32 8
780 160 16 4
780 176 16 4
784 160 16 8
784 176 16 8
792 160 32 4
796 160 32 4
800 160 8 8
808 160 8 8
800 168 8 16
816 160 8 8
824 160 4 4
824 164 4 4
828 160 8 4
816 168 8 8
824 168 8 8
800 176 16 16
816 176 8 8
816 184 8 8
824 176 16 8
832 128 16 8
832 144 16 8
840 128 16 8
848 128 16 8
840 144 8 16
840 152 8 16
856 128 16 8
856 144 16 8
864 128 32 4
868 128 32 4
872 128 32 4
876 128 32 8
884 128 32 4
888 128 32 4
892 128 32 4
832 160 16 8
832 176 16 8
840 160 32 4
844 160 32 4
848 160 16 16
848 176 16 16
864 160 4 16
864 164 8 16
864 172 4 16
880 160 16 4
884 160 8 8
884 168 8 8
892 160 16 4
864 176 4 4
868 176 4 4
864 180 4 8
872 176 4 4
872 180 4 4
876 176 4 4
876 180 4 4
864 184 8 8
872 184 8 8
880 176 8 4
884 176 8 4
888 176 8 8
880 184 4 8
880 188 4 8
888 184 8 8
768 192 16 4
768 208 16 4
772 192 16 4
772 208 16 4
776 192 8 8
784 192 8 8
776 200 16 16
776 216 4 16
776 220 4 16
792 192 32 8
800 192 8 8
800 200 16 8
800 216 8 8
808 192 32 16
824 192 32 8
768 224 16 4
768 240 16 4
772 224 32 4
776 224 32 4
780 224 8 8
780 232 16 8
780 248 8 8
788 224 32 4
792 224 32 8
800 224 32 32
832 192 32 8
840 192 32 16
856 192 32 8
864 192 32 4
868 192 32 4
872 192 16 16
872 208 16 8
880 208 16 8
888 192 16 8
888 208 4 8
888 212 8 8
888 220 4 8
832 224 32 16
848 224 32 8
856 224 16 8
856 240 16 8
864 224 8 4
868 224 8 8
876 224 4 4
876 228 4 4
864 232 8 8
872 232 8 8
880 224 4 8
880 228 4 8
880 232 8 8
888 224 8 4
888 232 8 4
892 224 4 4
892 228 8 4
892 236 4 4
864 240 16 8
872 240 8 4
872 248 8 4
876 240 4 4
876 244 8 4
876 252 4 4
880 240 16 16
