640 256 8 4
644 256 8 4
640 264 8 8
648 256 16 8
656 256 16 16
640 272 16 16
656 272 16 16
672 256 32 16
688 256 16 4
692 256 16 8
700 256 16 4
688 272 16 8
696 272 16 8
640 288 16 16
656 288 16 16
640 304 16 16
656 304 16 16
672 288 16 16
688 288 8 8
696 288 8 4
700 288 4 4
700 292 4 4
688 296 8 8
696 296 8 8
672 304 16 8
680 304 16 8
688 304 8 8
696 304 8 8
688 312 8 8
696 312 8 8
704 256 8 8
704 264 16 8
704 280 8 8
712 256 8 8
712 264 16 8
712 280 8 8
720 256 32 16
736 256 32 8
744 256 16 16
744 272 16 8
752 272 16 8
760 256 32 8
704 288 4 4
704 292 8 4
704 300 4 4
708 288 8 8
708 296 8 8
716 288 16 4
720 288 16 16
704 304 16 16
720 304 16 16
736 288 16 8
744 288 16 8
752 288 16 8
760 288 16 4
764 288 16 4
736 304 8 8
744 304 8 8
736 312 8 4
740 312 4 4
740 316 4 4
744 312 8 8
752 304 8 8
752 312 8 8
760 304 16 8
640 320 16 32
640 336 8 32
640 344 8 8
648 344 8 16
664 344 8 8
672 320 16 4
676 320 8 8
676 328 8 4
680 328 8 4
684 320 8 4
684 328 8 4
688 320 4 16
688 324 4 16
688 328 8 16
672 336 8 8
672 344 8 8
680 336 16 4
684 336 16 4
688 336 16 4
692 336 8 8
692 344 8 8
700 336 8 4
700 344 4 4
700 348 4 4
640 352 16 16
656 352 8 16
656 360 8 16
640 368 8 16
640 376 8 16
656 368 8 16
656 376 8 16
672 352 8 8
672 360 16 8
672 376 8 8
680 352 16 8
688 352 16 8
680 368 16 4
684 368 16 8
692 368 16 4
696 352 8 4
700 352 8 4
696 360 4 8
696 364 8 8
696 372 4 8
696 376 8 8
704 320 4 16
704 324 8 16
704 332 4 16
720 320 8 8
728 320 4 8
728 324 4 8
720 328 4 16
720 332 4 16
704 336 8 16
704 344 8 4
708 344 8 4
712 344 8 8
720 336 8 4
724 336 8 4
720 344 8 8
728 336 16 8
736 320 4 16
736 324 4 16
736 328 16 16
736 344 8 16
752 320 32 8
760 320 32 8
704 352 4 8
704 356 8 8
704 364 4 8
712 352 16 8
720 352 8 4
724 352 8 8
732 352 8 4
720 360 8 16
704 368 8 8
712 368 8 4
716 368 8 4
704 376 8 8
712 376 8 8
720 368 4 4
720 372 4 4
724 368 8 8
732 368 8 4
720 376 8 16
736 352 8 8
744 352 8 8
736 360 8 8
744 360 8 8
752 352 4 16
752 356 8 16
752 364 4 16
736 368 8 16
736 376 4 16
736 380 4 16
752 368 4 4
756 368 4 8
764 368 4 4
752 372 4 8
760 372 4 8
752 376 8 16
