384 384 16 8
392 384 8 16
392 392 8 16
408 384 16 8
384 400 16 32
416 384 8 32
416 392 8 32
416 400 16 32
384 416 32 32
416 416 32 32
448 384 32 32
480 384 16 8
488 384 16 16
504 384 16 8
480 400 16 32
448 416 16 16
464 416 16 16
448 432 8 8
456 432 8 8
448 440 8 8
456 440 8 8
464 432 8 16
464 440 8 16
480 416 32 32
384 448 32 32
416 448 32 32
384 480 16 8
392 480 16 8
400 480 16 8
408 480 16 8
384 496 16 4
388 496 16 8
396 496 16 4
400 496 16 8
408 496 16 8
416 480 8 4
420 480 8 8
428 480 8 4
432 480 8 4
436 480 8 8
444 480 8 4
416 488 16 16
432 488 8 16
432 496 8 16
416 504 8 8
424 504 8 16
440 504 8 4
444 504 8 4
448 448 32 4
452 448 16 4
452 464 16 4
456 448 8 16
456 456 8 16
456 464 16 16
472 448 8 8
472 456 16 8
472 472 8 8
480 448 8 8
488 448 8 8
496 448 8 16
480 456 8 16
480 464 8 16
496 456 16 16
480 472 8 16
496 472 4 16
496 476 4 16
448 480 32 8
456 480 32 8
464 480 32 16
480 480 16 32
480 496 16 32
